RIEMAN METHOD
10	 3.14242598500109871	 9.00007e-07	 0.142426
50	 3.14162598692300277	 1.10001e-06	 0.141626
100	 3.14160098692312539	 2.00002e-06	 0.141601
500	 3.14159298692312872	 9.50001e-06	 0.141593
1000	 3.14159273692312269	 1.88e-05	 0.141593
TRAPEZOIDAL RULE
10	 3.13992598890715868	 4.00003e-07	 0.139926
50	 3.14152598692325391	 1.10001e-06	 0.141526
100	 3.141575986923129	 1.90001e-06	 0.141576
500	 3.14159198692313035	 9.10001e-06	 0.141592
1000	 3.14159248692312421	 1.8e-05	 0.141592
SIMPSON RULE
10	 3.14159265296978552	 9.00007e-07	 0.141593
50	 3.14159265358975315	 2.10002e-06	 0.141593
100	 3.14159265358979312	 4.00003e-06	 0.141593
500	 3.14159265358979622	 1.82e-05	 0.141593
1000	 3.14159265358979045	 3.59e-05	 0.141593
